633.0 0.994947 0.00504262 1.00934e-05 0.0
700.0 0.994639 0.00532647 3.48189e-05 0.0
800.0 0.994864 0.00511575 2.05496e-05 0.0
900.0 0.994818 0.00516746 9.8412e-06 4.75841e-06
1000.0 0.994862 0.00512269 1.56495e-05 0.0
1100.0 0.994777 0.00520191 2.0825e-05 0.0
1200.0 0.99497 0.00501523 1.49331e-05 0.0
1300.0 0.994554 0.005441 5.04247e-06 0.0
1400.0 0.994972 0.00501791 9.70455e-06 0.0
1500.0 0.994832 0.00514246 2.51787e-05 0.0
1600.0 0.994774 0.00520565 2.07985e-05 0.0
1700.0 0.994751 0.00523332 1.52376e-05 0.0
1800.0 0.994412 0.00557171 1.58132e-05 0.0
1900.0 0.994583 0.00540201 1.54555e-05 0.0
2000.0 0.994594 0.00538083 2.50013e-05 0.0
